-6.34492189e-03 -1.60054490e-03  3.74790467e-03  7.16432929e-04
 -1.34472176e-03 -3.96072119e-03  1.10548539e-02 -4.16632183e-03
  1.25678163e-03 -9.25431494e-04  2.85387412e-03 -5.42106759e-03
  4.75964788e-03  5.59589267e-03  2.18055723e-03 -1.49301346e-03
  3.02714761e-03 -7.51536340e-03 -8.37586075e-03 -3.01070511e-03
  8.00110400e-04  2.75425846e-03  1.06143560e-02  5.39561640e-03
 -3.70552763e-03 -2.06177682e-03 -6.15086290e-04  2.94164103e-03
  5.71446493e-03  7.95990601e-03  1.07689295e-02 -4.00278065e-03
  7.67186750e-04 -1.51545135e-03 -1.00556761e-03 -2.00410374e-03
 -1.42759457e-03 -8.82372260e-04  7.55838538e-03  7.72183947e-03
  1.18608810e-02  1.46091077e-03  4.53396793e-03  8.31504166e-03
  2.21940987e-02  1.39739197e-02  4.09185886e-04  1.29037816e-03
  7.18443142e-03 -2.78411619e-03 -5.49585372e-03 -2.92353961e-03
  1.40456762e-03  1.02297217e-03 -5.44729736e-03 -3.97050474e-03
  1.48199201e-02  1.07801212e-02  1.16380677e-03  7.60375708e-03
 -1.27060711e-03  3.34042497e-02  2.85072103e-02  1.56462677e-02
  8.59908760e-03  9.16189328e-03  1.32486224e-03  2.76489183e-03
  4.36109118e-03  2.33897194e-03  1.60240103e-03  1.11229178e-02
  1.23360846e-02  1.27360728e-02  2.08867006e-02  1.60725415e-03
  2.13328516e-03 -1.28819374e-03  6.11790419e-02  4.39630114e-02
  1.66303627e-02  1.51007790e-02  6.36425614e-03 -1.56350434e-05
  3.38118896e-03  4.11846861e-03  1.75018935e-03  1.33647677e-02
  1.21761188e-02  1.94109604e-02  2.25244351e-02  3.26644070e-02
  2.81526893e-03 -9.60257463e-03  3.34333209e-03  1.05966114e-01
  7.49821886e-02  3.97556201e-02  1.85892843e-02  6.06660219e-03
 -2.63009733e-03  1.12847239e-03  1.05078761e-02 -4.78055328e-04
  1.11918859e-02  1.61332060e-02  1.14645325e-02  3.59453075e-02
  5.39560467e-02  7.04780826e-03 -5.90025634e-03  1.98322162e-03
  1.69253096e-01  1.24337167e-01  6.58629462e-02  2.92784311e-02
  1.36956358e-02  4.15920839e-03 -4.57719062e-03 -3.24171409e-03
  1.35521255e-02  1.46504110e-02  3.20564322e-02  3.36843356e-02
  5.45565784e-02  8.62274617e-02  1.29376665e-01 -2.20531086e-03
  1.01631042e-02 -4.21935692e-03  1.78495407e-01  8.92943367e-02
  3.78237180e-02  1.59692522e-02  4.55672108e-03  2.25229375e-03
 -1.22130848e-03  2.39924341e-03  2.15308163e-02  3.61123793e-02
  7.06062764e-02  8.98697376e-02  1.38039976e-01  1.92307100e-01
  7.16493325e-03 -3.35923396e-05 -4.01291670e-03  1.79364651e-01
  1.15888700e-01  4.26404253e-02  1.80352069e-02 -3.62190302e-04
  7.97643326e-03 -2.13364232e-03 -3.10307369e-05  3.69845703e-02
  6.74253553e-02  9.72176492e-02  1.41792431e-01  2.05258906e-01
  3.11741531e-01  4.51381877e-03 -3.93052958e-03 -3.54329497e-03
  2.84530595e-03  1.72934920e-01  6.21233359e-02  2.23925039e-02
 -2.40877829e-03  7.00151548e-04  4.63967584e-03  1.90199092e-02
  3.90077084e-02  9.94579345e-02  1.71812952e-01  2.30300203e-01
  3.08157653e-01  4.46978271e-01  3.63881327e-03  8.86746589e-03
  5.76997921e-03 -2.70530162e-03  2.26848975e-01  9.43602398e-02
  3.71444263e-02  1.30999647e-02  6.96303323e-03  3.16911563e-03
  1.67323612e-02  5.82211912e-02  1.36881173e-01  2.61963159e-01
  3.50926846e-01  4.51432943e-01  6.45657003e-01  8.86910200e-01
 -5.27189579e-04  1.29532069e-04  1.85424089e-03  3.05925012e-01
  1.12388127e-01  4.05349284e-02  1.28243193e-02  5.50653227e-03
  3.31042707e-03  1.55561790e-02  5.29258586e-02  1.66521370e-01
  3.58201206e-01  5.21437466e-01  6.76737189e-01  9.03172135e-01
  1.24450350e+00  1.62979588e-03 -8.16165656e-03  7.57036731e-04
  3.76665801e-01  1.45429075e-01  5.24504632e-02  1.48666548e-02
  5.04222699e-03 -2.12789001e-03  1.51032209e-02  5.62121719e-02
  1.77691877e-01  4.43149745e-01  7.53964245e-01  1.00368619e+00
  1.27309477e+00  1.69333553e+00  5.37883118e-03 -1.07240304e-03
 -2.87322141e-03  3.46037783e-02  1.88173965e-01  6.17554300e-02
  2.22948939e-02  3.74548137e-04  9.94708296e-03  1.25366347e-02
  6.43378198e-02  1.76615164e-01  4.84219879e-01  9.64233398e-01
  1.40790176e+00  1.77206528e+00  2.26162934e+00  2.71581674e+00
 -9.16426256e-03  8.38444754e-03 -6.52837940e-03  2.21451744e-01
  7.91060552e-02  2.76140403e-02  5.53740561e-03  5.25249168e-04
  7.10748415e-03  4.45497595e-02  1.65873185e-01  4.73297685e-01
  1.09389269e+00  1.80822647e+00  2.36762452e+00  2.92783952e+00
  3.27779412e+00  3.87320668e-03  4.53347899e-03 -3.06665897e-05
  2.63098985e-01  8.42549428e-02  2.83161886e-02  1.81992017e-02
  4.91112098e-03  1.34537444e-02  4.62327972e-02  1.68470636e-01
  4.53579605e-01  1.11923242e+00  2.09106612e+00  2.93736315e+00
  3.65426302e+00  3.85734296e+00 -3.75451148e-03  6.78049866e-03
 -3.53036541e-03  3.08529437e-01  1.17066927e-01  3.32212448e-02
  9.58183967e-03  5.61774150e-03  1.99794844e-02  5.89589924e-02
  1.61513105e-01  4.40755039e-01  1.08070683e+00  2.20550489e+00
  3.36276889e+00  4.41241550e+00  4.51633167e+00  3.70432615e+00
 -4.09919489e-03  3.32984537e-01  3.66813958e-01  1.21157810e-01
  3.67815904e-02  1.84270181e-02  5.06561995e-03  1.66834034e-02
  6.90606982e-02  1.64084017e-01  4.31942731e-01  1.04609632e+00
  2.19755793e+00  3.63833880e+00  5.02736092e+00  5.19713306e+00
  4.05080271e+00  2.29209876e+00  1.04585481e+00  4.14161444e-01
  1.46500885e-01  3.82110588e-02  1.35984672e-02  2.19885260e-05
  2.31981352e-02  5.33211194e-02  1.64395586e-01  4.28432792e-01
  1.00834322e+00  2.14010835e+00  3.76751447e+00  5.39835405e+00
  5.70580387e+00  4.29695225e+00  2.44394493e+00  1.11135936e+00
  4.39313382e-01  1.68794796e-01  4.77174744e-02  1.49372118e-02
 -2.97696702e-03  1.68374255e-02  5.42368181e-02  1.70071438e-01
  4.06702280e-01  9.86485898e-01  2.06504655e+00  3.75830317e+00
  5.56588697e+00  5.94265747e+00  4.45993423e+00  2.53289461e+00
  1.17718005e+00  4.81195390e-01  1.81557924e-01  6.26714900e-02
  1.82701610e-02  6.18399680e-03  1.64176412e-02 -1.07017392e-03
 -3.72727192e-03  3.95896673e-01  9.30063307e-01  1.97151244e+00
  3.65090346e+00  1.06406026e-03  6.88876491e-03  4.45183039e+00
  2.57239389e+00  1.21740973e+00  5.07436633e-01  1.95932627e-01
  7.02172667e-02  1.87606476e-02  1.05142668e-02  1.46075096e-02
  4.58937930e-03  9.93755832e-03  3.59954566e-01  8.75897110e-01
  1.85804081e+00  3.47814012e+00 -1.74770877e-03 -5.82975149e-03
  4.24504232e+00  2.52270198e+00  1.20387363e+00  5.12212396e-01
  2.03165889e-01  6.39858842e-02  2.98201591e-02 -2.63306685e-03
 -8.53435136e-03 -3.99520341e-03  2.39025895e-03  3.18614125e-01
  7.88160086e-01  1.69608438e+00  3.23030114e+00  3.56673007e-03
 -3.60347843e-03  3.88936758e+00  2.35469103e+00  1.14866269e+00
  4.61582124e-01  1.91575110e-01  6.22608066e-02  1.87443718e-02
 -9.66481864e-04 -4.05666092e-03 -1.45751424e-03  2.75667012e-03
  2.77419955e-01  6.87479913e-01  1.52374399e+00  2.90432143e+00
  9.17713158e-04 -5.26003167e-03  3.43592095e+00  2.10397553e+00
  1.04859972e+00  4.32568669e-01  1.67894453e-01  5.64868934e-02
  2.49127224e-02  4.41006757e-03 -9.45298001e-04  2.67668907e-03
 -6.67406991e-03  2.35274792e-01  5.82113981e-01  1.28573334e+00
  2.51297569e+00 -7.65321311e-04 -6.08946756e-03  2.94285321e+00
  1.79140437e+00  9.10929263e-01  3.85643899e-01  1.55099362e-01
  5.95301464e-02  2.82163545e-02 -6.67861942e-03 -1.57318707e-03
  6.60300907e-03  8.62521306e-03  1.92763478e-01  4.90614593e-01
  1.06945848e+00  2.07410264e+00 -4.61424515e-03  6.17342815e-03
  2.40959239e+00  1.47027779e+00  7.66576707e-01  3.42733562e-01
  1.36419132e-01  5.56475930e-02  1.44266188e-02  1.35712465e-03
  9.15909186e-04 -1.72342174e-04  3.30686569e-04 -6.16267323e-04
  4.00376439e-01  8.75545025e-01  1.64560568e+00  2.26284838e+00
  2.40922189e+00  1.89161873e+00  1.16698539e+00  6.20255530e-01
  2.82499760e-01  1.17301986e-01  4.19415310e-02  1.70513596e-02
 -1.01119094e-03 -5.27761877e-05 -4.71719401e-03  5.24467975e-03
  3.10589559e-04  3.17188740e-01  6.93610013e-01  1.27355444e+00
  1.69223201e+00  1.77532816e+00  1.39981616e+00  9.04327691e-01
  4.97067332e-01  2.31236696e-01  1.00143336e-01  3.14420648e-02
  1.10025788e-02  3.17041948e-03 -4.16842755e-04 -1.34734064e-03
 -3.21724638e-03  8.22197180e-03 -2.82709207e-03  5.64110756e-01
  9.72722948e-01  1.22912526e+00  1.27265429e+00  1.01445758e+00
  6.63535237e-01  3.77468139e-01  1.83725074e-01  8.08710158e-02
  2.28603333e-02  1.39697893e-02 -2.56613363e-03 -5.20952418e-03
 -5.11987135e-03  9.48257861e-04 -1.37581863e-03 -5.09317592e-03
  4.45365340e-01  7.19799638e-01  8.88630927e-01  8.85831952e-01
  6.99115157e-01  1.47545040e-01  2.84324467e-01  1.51853740e-01
  6.74120709e-02  2.77721286e-02  8.56998004e-03  2.15830421e-03
  2.65081879e-04 -2.51503661e-06  5.30792587e-03 -4.35980596e-03
 -1.21003948e-03  3.36560547e-01  5.16962111e-01 -2.63356138e-03
 -3.71436588e-04 -4.46103513e-05  1.20356716e-02  2.07993284e-01
  1.14748172e-01  5.49957976e-02  1.39794797e-02  1.18459780e-02
  4.64267936e-03  2.27354746e-03 -2.92040221e-03  4.07979079e-03
 -3.00366897e-03  1.11596979e-01  2.51864433e-01  3.54906231e-01
  3.47086322e-03  1.69128925e-03  5.03440574e-03  5.64456079e-03
  1.41725719e-01  8.99697989e-02  3.68590057e-02  2.02331934e-02
  1.01692341e-02 -3.36046517e-03  9.89397988e-04  3.79417650e-03
 -4.39009862e-03 -1.10580027e-03  8.15597326e-02  1.86754808e-01
  2.48600140e-01  5.88639406e-03  2.10725144e-03 -1.72153115e-03
 -2.70121917e-03  9.91239995e-02  5.73955476e-02  2.28561722e-02
  5.18567860e-03  8.16659257e-03  9.84451547e-03 -1.76344253e-03
  7.28918239e-03 -1.07983993e-02 -2.68171914e-03  6.18983284e-02
  1.24024019e-01  1.61148921e-01 -3.58949462e-03 -7.39289448e-03
 -1.22225173e-02 -8.69725179e-03  6.68973699e-02  3.23865861e-02
  1.97883621e-02  1.55402217e-02  1.06483325e-02  1.77829573e-03
  1.94337778e-03  6.33483613e-03 -6.62357174e-03  1.67603344e-02
  4.52963784e-02  8.12480599e-02  9.38124359e-02  1.09706506e-01
 -1.71017752e-03  6.97298907e-04  6.56012818e-02  3.19775529e-02
  3.24638635e-02  1.55741796e-02  1.27709913e-03  3.21423635e-04
  5.82088344e-03  2.19223252e-03 -8.15372448e-04  7.08273798e-03
  1.08456854e-02  3.49099264e-02  6.24251440e-02  6.18852489e-02
  6.44995496e-02  6.30870163e-02  8.27890635e-03  4.39461879e-02
  3.28685679e-02  6.27738051e-03  1.36205330e-02  8.47527292e-03
 -5.33944927e-03  2.53245234e-03 -6.79060817e-03  4.90587205e-03
  8.18582252e-04 -3.23154777e-03  2.76357867e-02  2.95666568e-02
  3.73597741e-02  4.21015285e-02  4.18359786e-02  2.96763293e-02
  1.58553012e-02  1.57116354e-02  1.85160190e-02  7.41756335e-03
 -3.53490934e-04 -3.73739004e-03 -2.66296603e-03  6.62516057e-03
 -6.25931472e-03  4.55779955e-03  4.70481440e-03  1.87006388e-02
  2.65611541e-02  2.43941490e-02  2.35898271e-02  2.25149281e-02
  1.04713123e-02  1.16487313e-02  1.24229081e-02  6.69797882e-03
 -1.69068296e-03  4.15316410e-03  1.93571299e-03  4.37159464e-03
  1.75902247e-03  3.44647747e-03  4.22412995e-04  7.23477453e-03
  1.95492283e-02  1.37705319e-02  1.57901291e-02  1.17371976e-02
  1.33523187e-02  8.99978168e-03  1.24074044e-02  5.31574711e-03
  6.99128024e-04 -6.46637753e-04  7.12575624e-03 -6.55182870e-03
 -7.12066703e-03  8.34137760e-03 -3.57442349e-03 -1.02081150e-03
  3.28520942e-03  7.40812905e-03  2.55247392e-03  1.31122209e-02
  6.06205314e-04  7.63171352e-03  8.32252949e-03  7.51359249e-03
  8.41747038e-03 -4.59017698e-03  1.22070080e-03 -3.05671617e-03
 -9.72463191e-03  3.86157818e-03 -3.47350445e-03 -1.10284723e-02
  4.36630007e-03 -2.46988307e-03  3.39151919e-03  1.02663180e-02
  4.44513559e-03  4.52962331e-03  1.03636943e-02  2.14064401e-03
  1.33364238e-02  2.14911904e-03  1.00309476e-02  3.16203339e-03
  4.32518125e-03  4.97025624e-03   nan  nan
