-2.87118666e-02  1.11557832e-02  3.61463726e-02  1.82703286e-02
 -2.40457840e-02 -3.19754630e-02  8.09057616e-04 -2.68279575e-02
 -3.23953480e-02  3.81212588e-03  1.23507902e-02 -3.97666618e-02
 -3.74544337e-02  1.74561832e-02  2.57260799e-02  1.30321104e-02
  4.85839881e-03 -1.00168154e-01 -7.80048743e-02 -2.87558027e-02
  3.28877307e-02 -8.45996961e-02 -1.69893987e-02 -4.52432372e-02
  1.77467670e-02  3.51922959e-03 -1.11515410e-01 -2.51385309e-02
  7.30402917e-02  1.06821768e-03 -6.12460226e-02  1.60379149e-02
  4.30759266e-02 -1.39285950e-02  1.34870499e-01 -2.04225276e-02
  6.25876710e-02  4.83504906e-02 -3.14773992e-04  2.28409134e-02
 -1.71786435e-02  6.39920384e-02 -4.47407253e-02 -1.18151177e-02
  6.43710494e-02  1.87316276e-02  2.70295218e-02  4.87023667e-02
  7.23860711e-02  1.97879598e-03 -4.73481119e-02  6.49587661e-02
  1.15613416e-02 -3.23801450e-02 -2.47129612e-02  4.66225222e-02
  2.92781889e-02  4.97896448e-02 -1.24252029e-03  2.28673331e-02
  5.03844358e-02  5.38581386e-02  5.67225404e-02  3.99770439e-02
  2.35230867e-02  5.61552942e-02  1.12968445e-01  9.89760458e-02
  8.48505199e-02  6.58523142e-02  5.06246276e-03  2.79136952e-02
  4.29075696e-02  4.62370850e-02  2.97645703e-02  2.52391621e-02
 -1.43406522e-02 -1.73482522e-02  6.21509142e-02  4.47852537e-03
 -2.96712629e-02  3.24822664e-02  2.12892070e-02  2.36676820e-02
 -2.31977850e-02  2.59108618e-02  3.48071940e-03  5.75203076e-02
  1.18472986e-02  5.39061427e-02  6.53740019e-02 -2.56070830e-02
  4.76727113e-02 -2.06704233e-02  3.61889601e-02  6.91975355e-02
  1.22163102e-01 -1.41798519e-03 -1.06433295e-02 -1.34178698e-02
  1.35491882e-02 -3.57571393e-02  8.57040733e-02  6.57650530e-02
  1.93259865e-03  4.45546173e-02  4.37282734e-02  4.34133410e-02
  4.98937182e-02 -2.65852176e-02  2.60683894e-03 -1.44157708e-02
  2.01785937e-01  1.16417713e-01  3.53393331e-03  6.08663596e-02
 -1.81488134e-02 -1.92167237e-02 -1.50493681e-02 -7.29812309e-03
  9.59360227e-03 -1.32073034e-02  1.38902813e-02  4.37727273e-02
  1.12037621e-01  1.21177368e-01  1.22474775e-01  1.66425742e-02
 -4.42307489e-03  4.14121300e-02  2.30176732e-01  1.08624771e-01
  6.51984066e-02  4.63399068e-02  3.81475016e-02  1.80976242e-02
  3.58651131e-02  1.56196281e-02  8.88218731e-02  4.99291830e-02
  1.42868400e-01  1.60138719e-02  2.09664315e-01  1.75088927e-01
 -8.08743536e-02  4.39290255e-02  3.80149297e-02  1.15543656e-01
  9.71401557e-02  1.00237541e-01 -4.36281301e-02 -3.78787145e-02
  6.97214529e-02  8.73244405e-02  5.52873984e-02  9.04229507e-02
  6.15015328e-02  1.66610956e-01  1.63187772e-01  2.09053889e-01
  3.01069617e-01  2.82869656e-02 -1.45518743e-02 -3.27524245e-02
 -6.08866327e-02  1.81487456e-01  5.24476282e-02  6.36449382e-02
  3.38853747e-02  8.17822572e-03  1.91989411e-02  7.08368123e-02
  4.50810604e-02  1.63596720e-01  3.19101781e-01  2.40783051e-01
  3.13292414e-01  3.96150947e-01 -3.18084657e-03  6.19063247e-03
  7.15530850e-03  1.89047493e-02  1.59015432e-01 -2.28079781e-03
 -2.30902480e-03  5.38306497e-03  2.55035125e-02 -4.78368588e-02
 -2.14390233e-02  3.49451341e-02  1.36970252e-01  2.61841595e-01
  3.63582075e-01  5.57177544e-01  6.07475579e-01  8.66417885e-01
  5.87938353e-04  3.34492214e-02  2.42502540e-02  2.52090365e-01
  1.44101366e-01  5.22701629e-02  9.88468155e-03  2.65518948e-02
  4.48628813e-02  4.13836315e-02  3.65843736e-02  3.27888042e-01
  4.03576821e-01  6.00201249e-01  6.13917351e-01  8.76615644e-01
  1.17418647e+00 -4.16852124e-02  5.50656356e-02 -6.15537725e-03
  3.52177948e-01  1.58070326e-01  4.92119715e-02 -1.29003953e-02
  2.32516993e-02  3.61387916e-02  6.83565512e-02  5.46795577e-02
  1.98756546e-01  5.44834912e-01  8.88358116e-01  1.07525992e+00
  1.32351875e+00  1.56317866e+00  1.33507140e-02 -3.98792513e-02
  7.45465085e-02 -2.31246576e-02  2.17106938e-01  1.17873937e-01
  6.28299713e-02 -2.08190922e-02  1.77015942e-02 -1.74954198e-02
  2.02806629e-02  2.29951650e-01  5.13136506e-01  1.10095406e+00
  1.54411483e+00  1.79969203e+00  2.17793322e+00  2.43738341e+00
  1.52289029e-02  3.13417986e-04  8.74221772e-02  1.75349638e-01
  1.30787119e-01 -4.68451381e-02  4.80933860e-02  6.64166957e-02
  4.57173064e-02  5.52838445e-02  2.01632500e-01  5.35915792e-01
  1.17670667e+00  1.83741164e+00  2.37181473e+00  2.82109737e+00
  3.07877731e+00 -4.62049730e-02 -4.60107513e-02 -5.30390367e-02
  1.83816135e-01  7.06844702e-02  3.94169316e-02  7.83083141e-02
  6.10713474e-02  1.45112462e-02  1.79022234e-02  1.44058883e-01
  5.52818120e-01  1.23056984e+00  2.24017215e+00  2.91572070e+00
  3.48956537e+00  3.64663744e+00 -7.39091560e-02  7.78887942e-02
  4.41576466e-02  2.80043483e-01  1.06842846e-01 -1.43068507e-02
 -4.50786389e-02  3.19581106e-02  7.29608759e-02  4.62211967e-02
  2.25582898e-01  4.83982176e-01  1.14165628e+00  2.30360913e+00
  3.43843651e+00  4.27377796e+00  4.31632328e+00  3.50608230e+00
 -6.40655980e-02  3.13067228e-01  3.23941916e-01  9.55593064e-02
 -2.96744462e-02 -2.63932627e-02  7.10712653e-03  3.76755148e-02
  3.91391516e-02  2.09415287e-01  5.05712986e-01  1.11770988e+00
  2.37837219e+00  3.75251985e+00  4.93910551e+00  4.97549677e+00
  3.93593621e+00  2.22689080e+00  1.04449546e+00  3.96855682e-01
  1.17170937e-01  9.13486630e-02  3.66685949e-02  6.24321699e-02
 -4.27723676e-03  6.65770918e-02  1.62703380e-01  4.75591123e-01
  1.12605369e+00  2.27714109e+00  3.91148758e+00  5.38934946e+00
  5.58540535e+00  4.18209505e+00  2.44386530e+00  1.12826169e+00
  4.39373881e-01  1.68685809e-01  1.75731294e-02  4.11566608e-02
 -2.60680020e-02 -2.37839539e-02  3.23235579e-02  3.06320965e-01
  4.93585050e-01  1.00245953e+00  2.16219807e+00  3.92706442e+00
  5.56092739e+00  5.95497704e+00  4.48297691e+00  2.60569811e+00
  1.17488384e+00  4.86367315e-01  2.21331656e-01  1.62416138e-02
 -1.55712754e-01 -2.07344145e-02  1.89772323e-02  5.67853972e-02
  3.73504013e-02  4.18108225e-01  9.84552741e-01  1.96994400e+00
  3.68557835e+00  2.35870890e-02  1.36645082e-02  4.61193800e+00
  2.63099337e+00  1.26028442e+00  4.55148101e-01  2.35298812e-01
  6.97545856e-02  2.17477065e-02  2.38654055e-02  9.37188640e-02
  9.03512351e-03  3.11824121e-02  4.67804015e-01  9.20555234e-01
  1.88170433e+00  3.47374415e+00 -4.18366343e-02 -8.71741585e-03
  4.39254236e+00  2.54086471e+00  1.20670402e+00  5.20296097e-01
  2.10254505e-01 -2.40438664e-03  6.43891096e-02  5.26772961e-02
  5.09582572e-02  4.02794108e-02  7.06880987e-02  3.77259344e-01
  8.08854520e-01  1.63300312e+00  3.08967495e+00  3.96333598e-02
 -1.31365191e-03  4.02944613e+00  2.45653439e+00  1.18604040e+00
  4.94221181e-01  1.82305902e-01  4.32034209e-02  4.57218550e-02
  1.86286867e-02 -3.44149061e-02 -5.48383035e-03  3.92185748e-02
  3.48715961e-01  7.10635900e-01  1.47749782e+00  2.83751225e+00
  1.06312916e-01 -1.87423453e-02  3.60736680e+00  2.23110390e+00
  1.12427664e+00  3.88210326e-01  1.27169162e-01  1.40605688e-01
  2.93793716e-02  3.12842578e-02  3.76961865e-02  6.85579032e-02
 -2.18036491e-03  2.07556188e-01  5.63366830e-01  1.28111267e+00
  2.42588282e+00 -2.56491313e-03 -4.15035039e-02  3.08685541e+00
  1.92671776e+00  9.85222936e-01  4.31091547e-01  1.45617217e-01
  5.76502681e-02  4.43207957e-02  3.87699604e-02  5.23337871e-02
 -1.96473505e-02 -5.26980590e-03  2.62137681e-01  5.21845818e-01
  1.05036497e+00  2.00545883e+00 -1.62408128e-03 -1.16704386e-02
  2.47569275e+00  1.56676793e+00  8.03037465e-01  4.08091009e-01
  1.78549066e-01  7.41088316e-02 -2.56829057e-02 -2.72623375e-02
 -3.19157541e-02 -4.90703732e-02  5.65893576e-02 -2.16016546e-02
  3.95920992e-01  8.87347758e-01  1.55663908e+00  2.23144507e+00
  2.48276758e+00  1.93222415e+00  1.27652872e+00  6.45436287e-01
  3.19176346e-01  1.29773200e-01  8.63426328e-02  2.90075243e-02
 -1.56138605e-02  2.60024630e-02  4.51548323e-02  2.17522308e-02
  3.34342290e-03  2.57882535e-01  7.42576778e-01  1.18120337e+00
  1.68743587e+00  1.82649422e+00  1.50014949e+00  9.44239259e-01
  5.45064270e-01  2.71057248e-01  6.58381283e-02  3.95770967e-02
  2.14426313e-02 -8.21912289e-03 -2.42221747e-02  1.89549755e-02
 -2.02652346e-02  1.53117487e-03  3.13897207e-02  5.92450798e-01
  8.87799323e-01  1.22520447e+00  1.36339509e+00  1.07565260e+00
  6.62047029e-01  4.16665405e-01  2.02221453e-01  8.32750350e-02
  3.22818458e-02 -5.74916229e-02 -3.50845940e-02  6.45815209e-03
 -5.84995486e-02  3.61768119e-02  1.57335326e-02 -3.19942236e-02
  4.42922384e-01  7.31059730e-01  8.74316037e-01  9.03993487e-01
  7.70990133e-01  1.61529809e-01  2.79204428e-01  1.86041757e-01
  5.16922064e-02  4.98764915e-03  4.15574107e-03 -1.25812376e-02
  3.38192098e-03  4.02111784e-02 -2.91489735e-02 -3.05885654e-02
  3.97613980e-02  3.80253613e-01  5.24422348e-01 -4.27925289e-02
  6.87123928e-03 -7.96990562e-03 -4.22591809e-03  2.07068965e-01
  4.26997840e-02  5.90660423e-02  9.77057964e-03 -1.50576178e-02
  8.70789066e-02 -3.33582796e-02  1.00581497e-02  1.88159849e-02
  1.35555351e-02  1.78987145e-01  2.34030426e-01  3.43627781e-01
 -3.28570157e-02 -3.91063169e-02 -2.56509632e-02 -2.09295023e-02
  2.56286323e-01  9.43268612e-02  5.06707020e-02  3.50003392e-02
 -7.17304051e-02 -7.33763911e-03 -9.33063775e-02  1.85700282e-02
 -6.13603480e-02 -8.83495808e-03  1.10607415e-01  2.29067668e-01
  2.47603446e-01  3.90672721e-02  1.18423060e-01 -3.24141495e-02
  2.17389558e-02  1.45911962e-01  9.58919525e-02  9.39134806e-02
  4.38128188e-02 -8.06619674e-02 -2.58603916e-02 -2.39645801e-02
  3.49115767e-02 -1.16752833e-02  3.44955102e-02  3.96807343e-02
  1.45474195e-01  1.30795524e-01  2.13801321e-02 -2.21175663e-02
  3.10166907e-02 -1.75462272e-02  1.18860222e-01  4.05902639e-02
 -1.09360572e-02  2.11499371e-02 -1.46620413e-02 -5.49808405e-02
  5.40418550e-02 -1.42102903e-02 -6.53899387e-02 -2.24187411e-02
  1.00191548e-01  9.54535156e-02  2.42710095e-02  6.99333400e-02
  1.14062391e-02  4.15309481e-02  1.26711965e-01  9.45640877e-02
  7.23281056e-02  7.36570954e-02  4.53279577e-02 -2.83143576e-02
 -2.05161273e-02  7.79842138e-02 -8.43575411e-03  2.86588669e-02
 -1.37579031e-02  1.38794407e-02  4.78884391e-02  1.73599496e-01
  4.85754386e-02  2.63448767e-02 -4.84191813e-02  2.12231614e-02
  2.38385405e-02  4.45708372e-02 -1.88789479e-02 -2.66280249e-02
  5.59587730e-04 -2.41723806e-02 -2.30325833e-02  1.49421534e-02
 -2.13968568e-04 -2.07924657e-02  5.19292615e-02  9.85939056e-03
  5.90810478e-02  8.43126699e-03  9.33437347e-02  9.82176065e-02
 -4.35563922e-03 -3.41228098e-02  3.80036905e-02  3.75147089e-02
  5.98011054e-02  5.48000308e-03  6.59383684e-02 -6.93503618e-02
 -2.06534490e-02 -6.27814457e-02 -2.35898159e-02 -6.58013066e-03
 -8.15027207e-02 -1.10555366e-02 -1.80020686e-02  2.90887170e-02
  3.73576954e-03  2.97369547e-02 -5.35768345e-02  5.01796976e-02
 -2.14408226e-02  1.62562560e-02 -4.08919435e-03 -1.35506317e-02
  3.18414457e-02  3.75384763e-02 -3.49810794e-02 -2.07884908e-02
  4.73021753e-02 -7.10525364e-02  3.31084728e-02  5.20115383e-02
  7.01598898e-02  5.05809672e-02  3.40557508e-02 -3.61685194e-02
  4.55961563e-03 -6.39233589e-02  4.12120856e-02  4.62922975e-02
  7.86111355e-02 -3.28394547e-02  7.72712752e-02  4.34118249e-02
  4.13383953e-02  5.27039133e-02  2.69708633e-02  2.74996758e-02
  1.69787742e-02  1.51264071e-02  7.93366320e-03  2.52064597e-02
  1.92502961e-02  5.73298149e-03 -9.06329900e-02 -8.94125924e-02
  1.41167715e-02  2.96661071e-02  1.02825128e-02  1.26578063e-02
  5.14663830e-02 -8.25101510e-03 -1.52301136e-02  5.26105054e-03
  5.11394367e-02 -9.97155905e-04 -2.35212222e-02 -2.30590813e-04
 -2.21257731e-02 -3.67505029e-02  1.00790691e-02 -1.26256347e-02
 -1.54857934e-02 -6.96138889e-02  nan  nan
