 2.68203132e-02  3.32211656e-03 -1.24290911e-03  1.12558780e-02
  2.05462705e-02 -1.31698716e-02  1.66125782e-02 -4.25063185e-02
 -1.55339669e-03 -6.41938858e-03 -1.61438696e-02 -2.46659946e-02
 -9.23301280e-03 -2.66453400e-02  3.42310499e-03  2.45965086e-02
  1.63602624e-02  3.33885700e-02 -1.91541109e-02 -4.32524411e-03
 -5.79802180e-03  2.98456755e-03 -6.22045714e-03 -2.42257975e-02
  8.28464702e-03  4.40578326e-04  1.93204801e-03  3.88707034e-02
  6.32160809e-03  1.60560943e-02  1.05330665e-02  1.88522711e-02
 -1.23166223e-03  4.51388583e-03 -5.24981413e-03  6.13768585e-04
 -2.06151605e-02 -7.63711007e-03 -1.18596219e-02 -1.59689374e-02
 -9.08305123e-03  1.37125812e-02 -2.76743853e-03 -2.11516488e-02
 -1.85746942e-02 -2.87302788e-02  5.94407320e-05  8.01132899e-03
 -3.54581187e-03  1.36608109e-02  8.23383592e-03  1.50217302e-02
  7.79259857e-03  1.43383518e-02  4.04545330e-02  6.14369567e-03
  2.49217115e-02 -7.54120015e-03 -3.16976719e-02 -1.90401264e-03
  8.45597498e-03  2.13451311e-02 -5.16877025e-02 -8.11452884e-03
 -2.71416828e-02 -2.96841785e-02 -2.48272829e-02 -3.42813954e-02
  1.66312661e-02 -2.53377575e-02  3.34458835e-02 -2.44591944e-02
 -2.18247194e-02 -7.39124371e-03  3.49663012e-02 -3.30846310e-02
  1.90781429e-02 -2.07003709e-02  8.61170422e-03 -1.01470770e-02
 -9.49615519e-03  8.71997792e-03 -1.29736401e-03  1.63066778e-02
  6.45306055e-03  2.04125047e-02 -2.35001533e-03 -1.62780285e-03
 -1.68349985e-02  1.88424494e-02  2.02540513e-02  3.14088725e-03
 -6.11759350e-03 -1.83114856e-02 -2.88461912e-02 -4.79795635e-02
 -4.83708978e-02 -1.04648760e-02 -2.42550345e-03 -6.58168271e-03
 -2.51080357e-02 -3.76258418e-02  6.72530429e-03  3.81552354e-02
  1.11780846e-02  3.34642343e-02  9.41213034e-03  1.29152332e-02
  8.47115647e-03  6.27821311e-04  2.79982435e-03  5.60060842e-04
 -6.13887310e-02 -3.37216556e-02 -5.24078347e-02  7.75596965e-03
  1.15660047e-02 -5.88838570e-03  1.53851788e-02 -2.63700681e-03
 -2.01684944e-02  6.52618334e-03  3.43553983e-02 -2.02228688e-02
  3.02199125e-02 -1.58372372e-02  1.51052736e-02  5.71653154e-03
 -1.49042560e-02  1.06793325e-02 -8.51572677e-02 -5.58355823e-02
 -1.51079819e-02  6.41207024e-03  2.71231197e-02  1.11307362e-02
 -8.69670650e-04 -2.04784833e-02 -2.69072712e-03 -2.05636341e-02
 -1.02103762e-02 -2.04360411e-02  1.80726815e-02  6.71437848e-03
 -1.23780398e-02  1.35306772e-02 -1.38775995e-02 -8.14555585e-02
 -3.88329290e-02 -2.25540996e-02 -1.09148584e-02  5.79780899e-04
 -2.12560128e-03  1.43649895e-02 -1.09795630e-02  1.43632628e-02
 -1.56198218e-02  1.43998619e-02  1.51023157e-02  3.99626940e-02
  3.71694565e-04 -1.05337491e-02  3.37182567e-03 -4.31994814e-03
 -1.55672440e-02 -7.11827427e-02 -4.14559394e-02  1.13455057e-02
 -2.91836052e-03  1.58779789e-02  2.66062841e-03 -1.08140679e-02
 -1.91270392e-02  8.10518768e-03 -1.41739752e-02 -5.15646711e-02
 -3.56342122e-02 -5.77061176e-02  9.61404480e-03 -1.37714520e-02
  1.31253190e-02 -2.73342617e-02 -5.62216491e-02 -4.16217856e-02
  1.01593779e-02 -5.29504661e-03  2.25947443e-02 -1.74949784e-03
  4.02722657e-02 -4.70959814e-03 -2.62069199e-02 -3.68421152e-02
 -4.25167456e-02 -3.26237828e-02 -5.12397364e-02 -9.01150405e-02
  7.87711516e-03 -3.24519314e-02 -1.35482680e-02 -8.95799547e-02
 -3.84816080e-02  3.65962274e-03 -1.59740113e-02 -1.90890189e-02
 -8.71586520e-03  1.98426060e-02 -7.52774253e-03 -4.01395038e-02
 -9.93931592e-02 -1.39967322e-01 -1.59941375e-01 -1.41788006e-01
 -1.71754062e-01 -9.81335901e-03  1.16984863e-02 -5.86430822e-03
 -1.36275068e-01 -3.17665152e-02 -4.11725268e-02  5.92741556e-03
 -2.53446884e-02  2.02957615e-02  2.15217937e-03 -6.26537949e-04
 -1.91409830e-02 -8.91332924e-02 -2.23992541e-01 -1.92303181e-01
 -2.67803282e-01 -1.90490305e-01 -1.07743451e-03 -6.50421809e-03
 -4.79383487e-03 -4.10196222e-02 -6.41089380e-02 -8.65941588e-03
 -4.03025979e-03 -1.63876154e-02  1.58218667e-02 -3.75280343e-03
  4.21102457e-02  1.55263506e-02 -9.32136849e-02 -2.99299687e-01
 -4.19706792e-01 -3.47646326e-01 -1.98196620e-01 -1.19167149e-01
 -7.29945255e-03 -3.59922945e-02  4.24752664e-03 -9.11798775e-02
 -4.61115055e-02  1.43600395e-03  2.60986686e-02  2.24798489e-02
  1.74356438e-02  5.00048660e-02  2.75112465e-02  8.21583159e-03
 -2.44905069e-01 -4.46142852e-01 -4.94949162e-01 -3.42021823e-01
 -2.03281045e-01  9.27921571e-03 -3.33063006e-02  7.84428976e-03
 -9.11597162e-02 -2.79924776e-02 -1.86249465e-02 -9.84271802e-03
 -5.36965672e-04  9.86058265e-04  3.93913239e-02  7.47211277e-02
  1.27045631e-01 -4.27578315e-02 -4.37856257e-01 -5.02971411e-01
 -2.05285773e-01 -4.72837463e-02  1.62498523e-02 -2.19682697e-02
 -1.18530877e-02 -1.16809115e-01 -2.12967135e-02 -2.59958953e-03
 -1.33245587e-02 -7.97051191e-03  1.56200454e-02  2.53283959e-02
  1.16065443e-01  2.03554749e-01  2.29691103e-01  1.03293406e-02
 -2.20365018e-01  1.30799070e-01  2.35689640e-01 -3.38969737e-01
  1.63857769e-02 -2.97917753e-01 -1.46663323e-01 -5.13743758e-02
 -7.85394572e-04 -3.06592323e-04  2.96792574e-03  1.25369988e-03
  3.23182791e-02  1.04243666e-01  1.98193446e-01  4.41657484e-01
  4.05631185e-01  4.13840890e-01  6.77260935e-01  4.28422868e-01
 -3.08462411e-01 -9.52258170e-01 -5.01311123e-01 -1.36601090e-01
 -4.66281027e-02  1.05388258e-02 -8.28808267e-03  1.69147030e-02
 -1.11173242e-02  1.40839554e-02  1.14134982e-01  2.54597187e-01
  5.99801540e-01  1.00643754e+00  1.47178030e+00  1.69775033e+00
  1.00651503e+00 -2.47065276e-01 -8.73633146e-01 -4.53032851e-01
 -2.01227903e-01 -2.83582993e-02  8.43783375e-03  3.01218592e-02
 -1.31759159e-02  4.21330296e-02  5.11640310e-02  1.47227734e-01
  2.67442077e-01  7.81036615e-01  1.45524406e+00  2.57177258e+00
  3.01435661e+00  1.69830632e+00 -3.03413682e-02 -6.50697708e-01
 -4.01699007e-01 -1.31233543e-01 -1.97721757e-02  3.78434826e-03
 -1.80608034e-02 -1.45946294e-02  3.57911624e-02 -6.88560773e-03
 -2.40918831e-03  2.99390435e-01  8.00904930e-01  1.83223689e+00
  3.65389013e+00  1.64941102e-02 -7.97353126e-03  3.13228190e-01
 -5.14624417e-01 -3.66332620e-01 -9.52990800e-02 -2.27881018e-02
  2.99357437e-02  3.80919054e-02  1.86345726e-03  1.11726988e-02
 -8.83764029e-03  4.71483544e-03  3.06815773e-01  8.55198562e-01
  2.12276459e+00  4.33457613e+00 -2.29140706e-02  7.89996516e-03
  8.99898291e-01 -2.36371398e-01 -2.03512385e-01 -7.42162764e-02
  2.57577244e-02  2.75212433e-02  1.81166474e-02 -8.35351180e-04
 -6.05356588e-04  2.66707409e-03  2.02932424e-04  2.24665046e-01
  7.84586012e-01  2.04541278e+00  4.59608030e+00 -1.16912946e-02
 -7.95246102e-04  1.46438348e+00  3.81511822e-02 -1.45116165e-01
 -4.30992991e-02  2.10486688e-02  2.99878828e-02  2.95892358e-03
  1.94702968e-02  2.18403228e-02 -1.14037674e-02  5.97065315e-03
  1.89264581e-01  6.28112555e-01  1.81808627e+00  4.37147474e+00
 -2.48282831e-02 -3.80655890e-03  1.94641876e+00  2.36866355e-01
 -6.55459762e-02 -8.83259624e-03  2.21908987e-02  5.27233630e-03
  9.50215664e-03  1.37094446e-02 -4.91857715e-03 -3.02478131e-02
  1.83207216e-04  1.18451864e-01  4.20469135e-01  1.47765326e+00
  3.56849766e+00 -1.24431327e-02 -1.11333309e-02  2.23042631e+00
  5.16392231e-01  5.65144084e-02  8.79458785e-02  2.48978510e-02
 -5.73533215e-03  1.70289166e-02  1.68836806e-02 -2.77663507e-02
 -1.60140917e-04  1.00803291e-02  1.43164158e-01  2.86599070e-01
  1.06917715e+00  2.70498133e+00 -1.24666588e-02  6.60128426e-03
  2.14283514e+00  6.50758386e-01  1.34425491e-01  1.72548853e-02
  3.00567746e-02  3.41701787e-03  1.92373358e-02 -1.32411364e-02
 -2.21110322e-03  1.18129430e-02 -3.10437586e-02  1.33041227e-02
  2.23924115e-01  7.36590564e-01  1.85348105e+00  2.18849301e+00
  2.60391116e+00  1.82994831e+00  7.02303052e-01  2.02636555e-01
  4.78854626e-02  6.57996163e-04  4.09364775e-02 -1.31273270e-02
 -1.12668080e-02  7.03905243e-04  1.34554356e-02 -2.29556486e-02
 -1.16738463e-02  1.44158766e-01  6.71160638e-01  1.21499920e+00
  1.30714405e+00  1.59541142e+00  1.24949539e+00  6.83880031e-01
  2.86190629e-01  3.95757481e-02  3.64632756e-02  2.89505608e-02
  3.38638388e-02 -3.47125754e-02 -6.45433459e-03 -2.00453475e-02
  6.71232399e-03  1.99407283e-02  4.14610840e-03  5.76317370e-01
  8.62594068e-01  6.43981338e-01  8.83798063e-01  7.52380252e-01
  5.45375645e-01  2.79653817e-01  1.01527467e-01  4.17550169e-02
 -8.62556510e-04  8.05437565e-04 -2.28694193e-02 -4.46196180e-03
 -1.35331918e-02  4.53088582e-02  4.08177171e-03  1.37920175e-02
  5.11860192e-01  5.18174171e-01  3.50499570e-01  4.50865865e-01
  3.34609270e-01  1.22792050e-02  2.66288459e-01  1.16803050e-01
  4.36710380e-02  3.28929424e-02  2.30453201e-02  2.45908722e-02
 -2.48063076e-02 -7.32157100e-03  2.02657692e-02  9.01394058e-03
 -1.52752716e-02  5.05662441e-01  3.25826377e-01  4.10218909e-03
  1.94934639e-03 -1.52989826e-03  7.49160722e-03  1.22780979e-01
  1.01033658e-01  1.95935871e-02  1.04760109e-02  4.22238372e-04
 -8.61407351e-03  3.46637238e-03  1.04412707e-02  1.82226617e-02
 -1.90093517e-02  9.04305801e-02  4.50988829e-01  2.24792987e-01
 -3.43049318e-02  2.27826349e-02  3.63286957e-03  9.85665247e-03
  4.24121208e-02  1.03330925e-01  2.16244459e-02  3.94273177e-03
 -3.37471068e-03  1.68990176e-02  4.05078288e-03  1.05127143e-02
  2.86279228e-02  4.54020314e-03  1.22738086e-01  3.97209823e-01
  1.16554812e-01  8.62958655e-03  1.29773626e-02  2.97443159e-02
 -1.41239511e-02  4.77119684e-02  5.33876717e-02  3.00201755e-02
  3.19837593e-03  2.54419446e-03 -1.06672300e-02 -2.72753090e-03
 -1.17594711e-02 -3.16442326e-02  1.52261518e-02  1.08411819e-01
  2.91612267e-01  6.74248934e-02  2.83139143e-02 -2.20346358e-02
  6.93818741e-03  9.32356995e-03 -3.29383314e-02  3.78891975e-02
  2.13875026e-02  2.69255936e-02  2.93139294e-02  1.45328268e-02
  1.21873356e-02  2.24870048e-04 -1.87235791e-03  5.16642584e-04
  1.22335739e-01  2.18978778e-01  1.15082134e-03 -1.19486395e-02
 -6.27823127e-03  1.85762271e-02  1.51083320e-02  2.73615532e-02
  2.88237855e-02  2.56477892e-02 -3.06520239e-03 -7.13922270e-03
  1.39057115e-02 -4.78194281e-03 -1.85017660e-02  2.07203580e-03
 -3.47570851e-02  1.16464175e-01  1.90502495e-01  5.86103369e-03
  4.91106557e-03 -1.82929710e-02 -3.77670396e-03  1.36382841e-02
 -1.49733676e-02  3.84911522e-02  2.85158940e-02  7.46007543e-03
  9.77961812e-04  2.37305891e-02 -2.93823946e-02  1.15972664e-02
  3.71487532e-03  1.64031778e-02  1.34739071e-01  1.21421784e-01
  9.16914083e-03  8.58625025e-03 -1.32156014e-02  7.20289443e-03
  2.85866298e-03  7.04987068e-03  9.68309306e-03  7.13542104e-03
 -1.70494132e-02 -8.04287381e-03 -1.97987091e-02  6.86113117e-03
 -3.30596641e-02 -1.67700835e-02  4.13754210e-03  1.09098271e-01
  6.59125298e-02 -2.07898393e-03  6.13497244e-03  6.03809487e-03
  7.52781518e-03 -1.30446935e-02 -3.82096739e-04  1.15072485e-02
  3.10367011e-02  2.46300455e-03 -4.70827892e-03  1.16710048e-02
 -2.39711180e-02 -1.30267721e-02 -1.73156951e-02  1.11223198e-02
  2.61683464e-02  4.26789783e-02  2.61705648e-03 -7.97463302e-03
  8.67112353e-03 -1.92804635e-02  2.07879450e-02  1.61361527e-02
 -2.60388432e-03  2.06988715e-02 -1.80505272e-02 -3.40726040e-02
 -1.15433596e-02  3.62642761e-03  8.79367348e-04  1.54840406e-02
  3.55373160e-03  3.25181633e-02  1.04899472e-02 -1.07133761e-03
 -5.41370735e-03 -5.39643969e-03 -1.93946175e-02 -1.69805102e-02
  5.13919117e-03  4.82107401e-02  3.03581860e-02 -3.14823501e-02
 -1.28974747e-02  2.92326510e-03  2.08837762e-02  6.23077992e-03
 -3.21343914e-02 -2.93407831e-02  3.78311649e-02 -9.65040084e-03
  2.14098766e-03  4.84119449e-03 -4.56595980e-03  3.35764177e-02
 -2.26765871e-03  2.91175954e-02 -3.34126502e-02 -5.55660203e-03
 -3.33190337e-03  1.00623220e-02  nan  nan
