 2.01436505e-03 -5.69006475e-03 -5.61192958e-03  2.99453773e-02
  3.21199745e-02  4.94115278e-02  4.97241057e-02  1.31628551e-02
  1.63078047e-02  2.71093715e-02  6.48756325e-03 -1.07367765e-02
  1.82620883e-02 -1.93869323e-02  2.33247541e-02  4.82137874e-03
  7.73272850e-03  7.59191671e-03  2.25147214e-02 -1.07216947e-02
  2.68907640e-02  9.63991787e-03  5.78985140e-02  5.68160079e-02
  1.14696063e-02 -1.86465662e-02  6.45441934e-02  2.58360244e-02
 -1.50428945e-02  1.46643743e-02  8.31696577e-03  9.02857631e-03
 -2.21314430e-02  2.90561840e-03 -9.89513192e-03  2.62839906e-02
  2.37796828e-02  4.04883586e-02  8.95400792e-02  1.00303084e-01
  1.09063581e-01 -1.50638819e-03  7.98448734e-03  8.78247619e-02
  4.50537093e-02  4.92817760e-02  2.34580822e-02  7.43827503e-03
  9.62441508e-03  2.46997923e-02 -1.02076922e-02  7.74608925e-03
  2.44123042e-02  3.06627490e-02  7.16043413e-02  1.47005692e-01
  1.77966833e-01  1.94172859e-01 -1.71549106e-03  5.38191758e-03
  9.55852680e-03  1.21256627e-01  1.88575536e-02 -7.18820561e-03
  8.30165297e-03 -4.99000493e-03 -1.23841641e-03  1.65858399e-02
  1.80417355e-02  1.44508760e-02  6.19459450e-02  9.85781327e-02
  1.92295164e-01  2.22360253e-01  3.53307247e-01  4.73636948e-03
 -1.01331547e-02 -2.31912639e-02  1.79186553e-01  1.04745463e-01
  3.30385678e-02  3.26560996e-02  1.91586744e-02  4.09397297e-03
  1.17210532e-02  4.73130941e-02  3.99911590e-02  7.96532929e-02
  1.69897184e-01  2.81825393e-01  3.97117674e-01  5.29111862e-01
 -4.31387499e-03 -5.15141012e-03 -2.37770174e-02  2.56617516e-01
  1.37008443e-01  7.86945075e-02  3.55292596e-02 -4.04704362e-04
 -5.17028105e-03  4.41755541e-03  1.32168531e-02  9.89869311e-02
  9.43100974e-02  2.71753818e-01  3.66594881e-01  6.12253666e-01
  7.57838249e-01  2.61937659e-02 -1.16019398e-02 -1.89708546e-02
  4.11888450e-01  1.93022504e-01  4.23823111e-02  3.54640074e-02
  1.85598060e-02  9.08393413e-05  1.93777811e-02  3.38414237e-02
  5.90734966e-02  1.62717402e-01  3.35383892e-01  5.43414235e-01
  8.55424881e-01  1.12427819e+00  1.22143400e+00  1.99311972e-02
  5.06210793e-03  2.19064038e-02  2.98632205e-01  1.33320421e-01
  8.30031633e-02  4.82933186e-02 -8.62794928e-04 -2.12985650e-02
  3.41303125e-02  5.78386970e-02  2.29815483e-01  4.28711504e-01
  7.81005621e-01  1.17719615e+00  1.53758562e+00  1.75936449e+00
 -1.48642091e-02  2.29228046e-02 -2.81467065e-02  6.45312220e-02
  1.95672855e-01  7.89809600e-02  5.74407913e-02 -2.36008689e-02
 -8.47305637e-03  2.46947873e-02  1.33553505e-01  2.87141711e-01
  5.24930596e-01  1.00755823e+00  1.58501136e+00  2.07221937e+00
  2.23423386e+00 -8.83914437e-03 -8.25519301e-03 -4.07417584e-03
  1.40495482e-03  2.89447486e-01  9.75176245e-02  2.44447440e-02
  8.11675750e-03  5.15361317e-03  4.31864746e-02  1.42656311e-01
  3.47420841e-01  7.03276277e-01  1.25831568e+00  2.03810310e+00
  2.70969296e+00  2.98562980e+00 -7.03457510e-03  7.28452252e-03
 -1.35227256e-02 -3.24008949e-02  3.95123452e-01  1.49401233e-01
  5.16752638e-02  2.76686251e-02 -7.26042129e-03  8.96063372e-02
  1.98753744e-01  4.25533950e-01  9.22512412e-01  1.58408082e+00
  2.63471937e+00  3.43703127e+00  3.72741532e+00  3.80277467e+00
  9.73892584e-03  1.61481323e-03 -2.41532642e-02  5.44939697e-01
  1.72490135e-01  5.90309799e-02 -4.03002650e-02  3.22855450e-03
  8.86916816e-02  2.33596802e-01  5.22712469e-01  1.10202706e+00
  1.94692779e+00  3.20817518e+00  4.25062799e+00  4.80659819e+00
  4.71542358e+00  1.15155522e-02  1.45819951e-02 -6.02772553e-03
  6.75253510e-01  2.05084696e-01  5.67529723e-02  6.83121569e-03
  2.95204995e-03  9.38323513e-02  2.72433966e-01  6.17281079e-01
  1.26532090e+00  2.39520288e+00  3.82228971e+00  5.30410337e+00
  5.95411682e+00  5.92742825e+00 -1.50118750e-02 -3.12836003e-03
  2.60325260e-02 -9.81213525e-03  3.35166365e-01  9.59705859e-02
  1.29761677e-02 -6.74844068e-03  1.08162321e-01  2.95442909e-01
  7.00485349e-01  1.52227986e+00  2.72591114e+00  4.54270506e+00
  6.32626057e+00  7.35698175e+00  7.05829048e+00  5.61716175e+00
  2.47267783e-02 -2.40236875e-02  5.98242413e-03  3.39728534e-01
  6.69523180e-02  4.81976047e-02  8.70705768e-03  9.81161222e-02
  3.28145057e-01  7.93803334e-01  1.73845112e+00  3.08785105e+00
  5.06329775e+00  7.37445593e+00  8.72342300e+00  8.38410378e+00
  6.63851500e+00  3.36396089e-03 -1.45872999e-02 -6.56583346e-03
  4.53114241e-01  9.92098078e-02  2.48237699e-02 -2.90062372e-02
  1.05679378e-01  3.72188836e-01  8.45907152e-01  1.83038509e+00
  3.31259489e+00  5.49016333e+00  8.31147575e+00  9.79407787e+00
  9.38070774e+00  7.28708601e+00  2.12860270e-03 -9.99213196e-03
 -1.27678402e-02  4.69110548e-01  1.07666612e-01  1.84704661e-02
  9.32446122e-03  1.29516885e-01  3.50874603e-01  9.27638769e-01
  1.92010474e+00  3.43284822e+00  5.77639389e+00  8.69834995e+00
  1.04870834e+01  1.00939188e+01  7.70118046e+00  5.07719994e+00
  2.75752824e-02  1.56139269e-01  4.92051691e-01  1.53563678e-01
  4.79216278e-02  6.21274021e-03  1.17317759e-01  3.60701412e-01
  8.66261184e-01  1.98192334e+00  3.54501557e+00  5.85226345e+00
  8.70370007e+00  1.05631819e+01  1.05955143e+01  8.19602203e+00
  5.35886765e+00  2.94841671e+00  1.41700649e+00  5.83894730e-01
  1.35446355e-01  1.55086908e-02 -2.74824840e-03  1.13535643e-01
  3.50474030e-01  9.17621791e-01  2.00265002e+00  3.53374171e+00
  5.69299269e+00  8.48168182e+00  1.03465414e+01  1.04307499e+01
  8.34196854e+00  5.38809586e+00  2.92948008e+00  1.46079350e+00
  5.76083541e-01  1.81781158e-01  8.80410802e-03  1.49306096e-02
  1.28702775e-01  3.65007639e-01  9.09563959e-01  1.92576230e+00
  3.45643377e+00  5.63486958e+00  8.07624149e+00  9.55463886e+00
  9.65682125e+00  7.89150572e+00  5.15369368e+00  2.97488999e+00
  1.42216170e+00  5.67212701e-01  1.56940162e-01  2.84564532e-02
 -1.33875012e-03  1.08620182e-01  2.93814927e-01 -1.62297972e-02
  2.58137453e-02  3.30042481e+00  5.35104084e+00  7.59063005e+00
  8.75900745e+00  2.33039558e-02 -1.59718860e-02  4.81859112e+00
  2.80797696e+00  1.38723910e+00  5.93873262e-01  1.55854821e-01
  3.63586061e-02  2.01744512e-02  9.00156125e-02  2.80772805e-01
  1.04527920e-03  1.53708123e-02  3.06980324e+00  4.96776724e+00
  6.92588091e+00  7.66848183e+00 -3.60548086e-02  7.66371470e-03
  4.28063631e+00  2.54320335e+00  1.26080608e+00  5.18327832e-01
  1.22115120e-01  1.98015776e-02  2.99862213e-03  7.68863335e-02
  6.96640043e-03  4.55750991e-03  1.36058871e-03  2.76310682e+00
  4.45682335e+00  6.17764282e+00  6.76633835e+00 -7.44884461e-03
  7.13029783e-03  3.78492403e+00  2.27966881e+00  1.09275770e+00
  4.52693522e-01  1.31612062e-01  2.46136300e-02  1.36672854e-02
  7.62445405e-02  1.55744739e-02  2.67861597e-03  1.07369535e-02
  2.45126820e+00  3.91026497e+00  5.30167341e+00  5.71334934e+00
 -1.03136711e-03 -8.09699111e-03  3.11642575e+00  1.92618549e+00
  9.45864797e-01  3.44614893e-01  1.28346920e-01 -3.93429771e-04
 -4.27744631e-03  8.02159682e-02  4.12737578e-03  1.72007922e-02
 -3.07397800e-03  2.08718300e+00  3.32387757e+00  4.38409233e+00
  4.81647539e+00  6.43727183e-03  1.19328843e-02  2.44018245e+00
  1.54310834e+00  7.38749623e-01  2.35712320e-01  2.72442326e-02
  6.86124526e-03 -3.46415900e-02  4.82045673e-02  3.26454360e-03
 -1.55869629e-02  2.88873464e-02  1.73587322e+00  2.66967320e+00
  3.59810543e+00  3.77760053e+00  1.83442198e-02  1.87100191e-02
  1.97918046e+00  1.27623081e+00  5.96511006e-01  1.96230084e-01
  4.32206690e-02  1.80750825e-02  1.57161839e-02  2.09748503e-02
  5.94340079e-03 -2.25075465e-02 -1.80719886e-04  1.41109833e-02
  2.13689184e+00  2.70164680e+00  2.83789659e+00  2.61835861e+00
  2.05369639e+00  1.62302005e+00  9.97466385e-01  4.05368626e-01
  1.36310339e-01 -3.34927812e-04  3.39768827e-04 -2.31023133e-03
  3.95358987e-02  1.06132515e-02 -4.35392559e-03 -7.69076589e-03
  9.32578649e-03  1.59229839e+00  2.04332066e+00  2.04684901e+00
  1.94894159e+00  1.59663332e+00  1.08031869e+00  6.49005592e-01
  2.87891805e-01  7.60476217e-02 -4.22295928e-03  1.00570358e-02
 -2.18084175e-03  2.79009044e-02  2.35077646e-03  2.64078677e-02
 -3.03523615e-02 -4.62997565e-03 -4.17705439e-03  1.48305964e+00
  1.46688163e+00  1.38053727e+00  1.05427396e+00  7.93677449e-01
  5.24888456e-01  2.06921026e-01  2.10447721e-02 -2.71709636e-02
  1.44236507e-02 -8.57520290e-03  8.46197084e-03  6.22016378e-04
  6.26872247e-03 -1.18813524e-02 -1.28130941e-02 -7.49876164e-03
  1.01416695e+00  9.86602724e-01  8.26033235e-01  7.70672679e-01
  5.51773012e-01 -7.68277869e-02  6.90402836e-02 -3.02453339e-03
  5.69402799e-03  8.49118084e-03  1.51755018e-02  4.29300591e-02
 -1.90440286e-02  1.97399687e-03  1.20715080e-02  5.89531381e-03
 -1.59052899e-03  6.76058590e-01  6.00836158e-01 -1.20420586e-02
 -7.84333888e-03  1.30055845e-02  4.57385927e-03  2.83676013e-03
  1.78201851e-02 -1.29198823e-02 -2.50142030e-02 -1.15551213e-02
  3.39051075e-02 -5.37694525e-03  9.25939251e-03  1.09956879e-02
  5.60703781e-03  3.51699054e-01  4.43257302e-01  3.55945915e-01
  1.31959766e-02 -6.90620858e-03 -2.48612873e-02  2.70218365e-02
 -1.98543854e-02 -3.92993540e-02 -3.52553129e-02  4.06396762e-03
 -2.32942849e-02  2.91466694e-02  1.84050426e-02 -1.13866432e-02
 -3.36319394e-03  6.59052096e-03  2.06507236e-01  2.84921110e-01
  1.84899867e-01  1.42017119e-02  5.52811567e-03  3.40028293e-02
 -3.13510038e-02  2.01498847e-02 -4.67781126e-02 -3.27653065e-02
  1.17614083e-02  2.34965235e-03 -7.40892719e-03  8.16066563e-03
 -9.99436900e-03 -1.17196646e-02 -2.19550990e-02  1.36062905e-01
  1.12064883e-01  9.33134928e-02 -1.27691310e-02 -2.06926111e-02
 -1.45133901e-02  1.23121766e-02 -2.81680524e-02 -6.30087554e-02
 -1.95929478e-03  9.52976197e-03 -2.64898464e-02  7.82636553e-03
  2.62850709e-02  3.05972807e-02 -2.02989541e-02  8.70555788e-02
  6.48168325e-02  2.74105873e-02  6.04893155e-02  3.42533812e-02
 -1.21704442e-03  4.11190838e-03  8.37199390e-03 -4.81154304e-03
  5.06889168e-03 -8.34209565e-03 -4.17794175e-02  9.05121677e-03
 -1.17199793e-02  1.21393390e-02  1.06947217e-03  1.57459022e-03
  1.80366244e-02  4.68656644e-02  4.32975311e-03  3.71651910e-02
  3.20789265e-03  3.98412645e-02 -5.90029079e-03  1.78866051e-02
 -2.89395265e-02 -9.56729986e-03 -5.20374365e-02  5.00255357e-03
 -7.59026548e-03  2.16158796e-02  8.10153782e-03  1.22160073e-02
  2.03307644e-02  1.79515854e-02  4.06508334e-02  3.64414714e-02
 -2.18171980e-02  1.29148066e-02 -6.04852736e-02 -3.57447714e-02
 -9.55060683e-03 -2.81021781e-02  1.95738440e-03  1.45553350e-02
  7.62682082e-03 -7.70111009e-03 -1.44798588e-02  8.43798369e-03
  1.30967228e-02 -1.07479580e-02  1.64994523e-02 -4.74565383e-03
  8.68860167e-03  8.72424617e-03 -1.69761013e-04  2.01424360e-02
 -6.16695918e-03 -9.61394049e-04  3.68518266e-03 -2.75430549e-02
 -4.00044285e-02 -5.55475149e-03 -2.33628638e-02 -8.42743553e-03
  1.57145187e-02 -1.99783128e-02 -7.36628659e-03 -3.77665721e-02
 -1.45248808e-02  2.53649000e-02  6.83780294e-03 -1.14084864e-02
 -1.56485699e-02 -1.16559714e-02 -8.24614055e-03 -1.38803665e-02
  5.14879497e-03  1.77574269e-02  6.69938512e-03 -2.00802647e-02
 -4.23871353e-03 -2.91372612e-02  1.14489328e-02 -8.53426196e-03
 -2.61009801e-02 -1.53010292e-03 -1.05899656e-02  4.27057035e-02
 -4.93755192e-03 -1.40693923e-02 -1.82453431e-02 -1.05712842e-03
  6.90671476e-03  1.53221916e-02  1.72630902e-02 -7.07101356e-03
 -8.93860124e-03 -7.72680342e-03 -2.18763798e-02  2.02638432e-02
 -1.13565270e-02 -3.25101055e-03 -1.39525160e-03 -4.19517513e-03
  9.82176140e-03  4.85836808e-03 -2.09918246e-04  3.07306331e-02
  1.55732036e-03 -4.23486810e-04  1.49026513e-04  2.42584608e-02
  1.03547685e-02  1.99251659e-02  nan  nan
