0 0
800 0
1600 0
2400 0
3200 0
4000 0
4800 0
5600 0
6400 0
7200 0
8000 0
8800 0
9600 0
10400 0
11200 0
12000 0
12800 0
13600 0
14400 0
15200 0
16000 0
16800 0
17600 0
18400 0
19200 0
20000 0
20800 0
21600 0
22400 0
23200 0
24000 0
24800 0
25600 0
26400 0
27200 0
28000 0
28800 0
29600 0
30400 0
31200 0
32000 0
32800 0
0 800
800 800
1600 800
2400 800
3200 800
4000 800
4800 800
5600 800
6400 800
7200 800
8000 800
8800 800
9600 800
10400 800
11200 800
12000 800
12800 800
13600 800
14400 800
15200 800
16000 800
16800 800
17600 800
18400 800
19200 800
20000 800
20800 800
21600 800
22400 800
23200 800
24000 800
24800 800
25600 800
26400 800
27200 800
28000 800
28800 800
29600 800
30400 800
31200 800
32000 800
32800 800
0 1600
800 1600
1600 1600
2400 1600
3200 1600
4000 1600
4800 1600
5600 1600
6400 1600
7200 1600
8000 1600
8800 1600
9600 1600
10400 1600
11200 1600
12000 1600
12800 1600
13600 1600
14400 1600
15200 1600
16000 1600
16800 1600
17600 1600
18400 1600
19200 1600
20000 1600
20800 1600
21600 1600
22400 1600
23200 1600
24000 1600
24800 1600
25600 1600
26400 1600
27200 1600
28000 1600
28800 1600
29600 1600
30400 1600
31200 1600
32000 1600
32800 1600
0 2400
800 2400
1600 2400
2400 2400
3200 2400
4000 2400
4800 2400
5600 2400
6400 2400
7200 2400
8000 2400
8800 2400
9600 2400
10400 2400
11200 2400
12000 2400
12800 2400
13600 2400
14400 2400
15200 2400
16000 2400
16800 2400
17600 2400
18400 2400
19200 2400
20000 2400
20800 2400
21600 2400
22400 2400
23200 2400
24000 2400
24800 2400
25600 2400
26400 2400
27200 2400
28000 2400
28800 2400
29600 2400
30400 2400
31200 2400
32000 2400
32800 2400
0 3200
800 3200
1600 3200
2400 3200
3200 3200
4000 3200
4800 3200
5600 3200
6400 3200
7200 3200
8000 3200
8800 3200
9600 3200
10400 3200
11200 3200
12000 3200
12800 3200
13600 3200
14400 3200
15200 3200
16000 3200
16800 3200
17600 3200
18400 3200
19200 3200
20000 3200
20800 3200
21600 3200
22400 3200
23200 3200
24000 3200
24800 3200
25600 3200
26400 3200
27200 3200
28000 3200
28800 3200
29600 3200
30400 3200
31200 3200
32000 3200
32800 3200
0 4000
800 4000
1600 4000
2400 4000
3200 4000
4000 4000
4800 4000
5600 4000
6400 4000
7200 4000
8000 4000
8800 4000
9600 4000
10400 4000
11200 4000
12000 4000
12800 4000
13600 4000
14400 4000
15200 4000
16000 4000
16800 4000
17600 4000
18400 4000
19200 4000
20000 4000
20800 4000
21600 4000
22400 4000
23200 4000
24000 4000
24800 4000
25600 4000
26400 4000
27200 4000
28000 4000
28800 4000
29600 4000
30400 4000
31200 4000
32000 4000
32800 4000
0 4800
800 4800
1600 4800
2400 4800
3200 4800
4000 4800
4800 4800
5600 4800
6400 4800
7200 4800
8000 4800
8800 4800
9600 4800
10400 4800
11200 4800
12000 4800
12800 4800
13600 4800
14400 4800
15200 4800
16000 4800
16800 4800
17600 4800
18400 4800
19200 4800
20000 4800
20800 4800
21600 4800
22400 4800
23200 4800
24000 4800
24800 4800
25600 4800
26400 4800
27200 4800
28000 4800
28800 4800
29600 4800
30400 4800
31200 4800
32000 4800
32800 4800
0 5600
800 5600
1600 5600
2400 5600
3200 5600
4000 5600
4800 5600
5600 5600
6400 5600
7200 5600
8000 5600
8800 5600
9600 5600
10400 5600
11200 5600
12000 5600
12800 5600
13600 5600
14400 5600
15200 5600
16000 5600
16800 5600
17600 5600
18400 5600
19200 5600
20000 5600
20800 5600
21600 5600
22400 5600
23200 5600
24000 5600
24800 5600
25600 5600
26400 5600
27200 5600
28000 5600
28800 5600
29600 5600
30400 5600
31200 5600
32000 5600
32800 5600
0 6400
800 6400
1600 6400
2400 6400
3200 6400
4000 6400
4800 6400
5600 6400
6400 6400
7200 6400
8000 6400
8800 6400
9600 6400
10400 6400
11200 6400
12000 6400
12800 6400
13600 6400
14400 6400
15200 6400
16000 6400
16800 6400
17600 6400
18400 6400
19200 6400
20000 6400
20800 6400
21600 6400
22400 6400
23200 6400
24000 6400
24800 6400
25600 6400
26400 6400
27200 6400
28000 6400
28800 6400
29600 6400
30400 6400
31200 6400
32000 6400
32800 6400
0 7200
800 7200
1600 7200
2400 7200
3200 7200
4000 7200
4800 7200
5600 7200
6400 7200
7200 7200
8000 7200
8800 7200
9600 7200
10400 7200
11200 7200
12000 7200
12800 7200
13600 7200
14400 7200
15200 7200
16000 7200
16800 7200
17600 7200
18400 7200
19200 7200
20000 7200
20800 7200
21600 7200
22400 7200
23200 7200
24000 7200
24800 7200
25600 7200
26400 7200
27200 7200
28000 7200
28800 7200
29600 7200
30400 7200
31200 7200
32000 7200
32800 7200
0 8000
800 8000
1600 8000
2400 8000
3200 8000
4000 8000
4800 8000
5600 8000
6400 8000
7200 8000
8000 8000
8800 8000
9600 8000
10400 8000
11200 8000
12000 8000
12800 8000
13600 8000
14400 8000
15200 8000
16000 8000
16800 8000
17600 8000
18400 8000
19200 8000
20000 8000
20800 8000
21600 8000
22400 8000
23200 8000
24000 8000
24800 8000
25600 8000
26400 8000
27200 8000
28000 8000
28800 8000
29600 8000
30400 8000
31200 8000
32000 8000
32800 8000
0 8800
800 8800
1600 8800
2400 8800
3200 8800
4000 8800
4800 8800
5600 8800
6400 8800
7200 8800
8000 8800
8800 8800
9600 8800
10400 8800
11200 8800
12000 8800
12800 8800
13600 8800
14400 8800
15200 8800
16000 8800
16800 8800
17600 8800
18400 8800
19200 8800
20000 8800
20800 8800
21600 8800
22400 8800
23200 8800
24000 8800
24800 8800
25600 8800
26400 8800
27200 8800
28000 8800
28800 8800
29600 8800
30400 8800
31200 8800
32000 8800
32800 8800
0 9600
800 9600
1600 9600
2400 9600
3200 9600
4000 9600
4800 9600
5600 9600
6400 9600
7200 9600
8000 9600
8800 9600
9600 9600
10400 9600
11200 9600
12000 9600
12800 9600
13600 9600
14400 9600
15200 9600
16000 9600
16800 9600
17600 9600
18400 9600
19200 9600
20000 9600
20800 9600
21600 9600
22400 9600
23200 9600
24000 9600
24800 9600
25600 9600
26400 9600
27200 9600
28000 9600
28800 9600
29600 9600
30400 9600
31200 9600
32000 9600
32800 9600
0 10400
800 10400
1600 10400
2400 10400
3200 10400
4000 10400
4800 10400
5600 10400
6400 10400
7200 10400
8000 10400
8800 10400
9600 10400
10400 10400
11200 10400
12000 10400
12800 10400
13600 10400
14400 10400
15200 10400
16000 10400
16800 10400
17600 10400
18400 10400
19200 10400
20000 10400
20800 10400
21600 10400
22400 10400
23200 10400
24000 10400
24800 10400
25600 10400
26400 10400
27200 10400
28000 10400
28800 10400
29600 10400
30400 10400
31200 10400
32000 10400
32800 10400
0 11200
800 11200
1600 11200
2400 11200
3200 11200
4000 11200
4800 11200
5600 11200
6400 11200
7200 11200
8000 11200
8800 11200
9600 11200
10400 11200
11200 11200
12000 11200
12800 11200
13600 11200
14400 11200
15200 11200
16000 11200
16800 11200
17600 11200
18400 11200
19200 11200
20000 11200
20800 11200
21600 11200
22400 11200
23200 11200
24000 11200
24800 11200
25600 11200
26400 11200
27200 11200
28000 11200
28800 11200
29600 11200
30400 11200
31200 11200
32000 11200
32800 11200
0 12000
800 12000
1600 12000
2400 12000
3200 12000
4000 12000
4800 12000
5600 12000
6400 12000
7200 12000
8000 12000
8800 12000
9600 12000
10400 12000
11200 12000
12000 12000
12800 12000
13600 12000
14400 12000
15200 12000
16000 12000
16800 12000
17600 12000
18400 12000
19200 12000
20000 12000
20800 12000
21600 12000
22400 12000
23200 12000
24000 12000
24800 12000
25600 12000
26400 12000
27200 12000
28000 12000
28800 12000
29600 12000
30400 12000
31200 12000
32000 12000
32800 12000
0 12800
800 12800
1600 12800
2400 12800
3200 12800
4000 12800
4800 12800
5600 12800
6400 12800
7200 12800
8000 12800
8800 12800
9600 12800
10400 12800
11200 12800
12000 12800
12800 12800
13600 12800
14400 12800
15200 12800
16000 12800
16800 12800
17600 12800
18400 12800
19200 12800
20000 12800
20800 12800
21600 12800
22400 12800
23200 12800
24000 12800
24800 12800
25600 12800
26400 12800
27200 12800
28000 12800
28800 12800
29600 12800
30400 12800
31200 12800
32000 12800
32800 12800
